TIME:0.000076s FOR LEN:100
TIME:0.007412s FOR LEN:1000
TIME:0.702135s FOR LEN:10000
TIME:72.357685s FOR LEN:100000
